1111 MONVMENTA EPIGRAPHICA ΡΟΜΡΕΙΑΝΑ

121111. pompeiana 111. 11),111111111111 (1111111111. 1111111111.
1111 Ν11. 1811, 1111. 19), 1111111111 (latomo 11 1111111111111.
Ν11. 1811, 1111. 82), 111111 1111111111 11111111111111111. (111·

11111. 1852, 1111· 81, 118),111111111111111111(11111. del·

1111111111111111111111111111,11111111111 11111111111111111111111111 11 111111
1111111111111 111111111111 11111111 enti· di 1111111111, 11 11111111111111 11111111
111111,111111111111111111111111111111 1111111111,11111111 1118111111, 111111 ’
11 quel 1111 che 111111111111111111111 111111 1011Ιωί, 1111111111 11111111 11111·
1111111111111111111 questo 1111111111· ciente 11111111111111111111111 1111111
1111,1111111111111 11111 1111111111 11111 111111111111111 11 111111, come 1111111
11111 queste 11111,1111111ο111 1 quelle Ιο 11111111111111.81 1111111111 111111111-
1111111111111111111111111111111111111 111111111111111111111111 111111111111
(une dei penti 111111111111111 11 queste 11111111111111111111111111,111111111111
11111) 11 elue i 11 1111111111 pute 111111 111118ῑῆ11 1111111111 11 11111111 11111
stabilimen 11111111 1111111111 1111111111 11111111111111, 111111 111111111111111·
11111 11111, 11111111 1111111111 1111 111111111111111.1111111111111111111
111111111111111111111111111111111111111 11111 111 111111111111111111 111111 111-
11111111111111111111111. 111 1111111111- 1111111,1111 11111111111111111111 111
1111111 11111 111111 111οῶ, quelle 11 1111111111111111111111111111111111111·
11111 palmi 111111, queste 11811111 111· 1111111111 1111111111 11111 1111111111. 011111
mi 111-ἒς, 1111 1111111111 11 11111111 11111111111111111111111111111111111, 11·
13-,1111111111111111111,111111111111 1111111111 1111111111 1111111 11111111·
palmi 201²& 11 111111 11 Nola. Quanto 1111 1111111111ιὶουί 1111111111111111111.
11111111111111111181111111111111111 11 11111111111111111111111, detto 11111·
1111111 11111 111111111111111111111111- mon 111 Greci (111111, lib. 11, 111. 8),1
11111111111111111111111111111111111111 11111111111111111111 11111111111 11·
11111 1111111 111 1111 111111 1111131, 1 1111111111 1111 1111111111, ed 1111111 1111
111111118111111 11111110 ,11- 11 1111111 1Ι1’1Ιι11111111111,1111111111111111111
11111 11111111 111111111111111111111111ι 11111111111111111111111111111111 11·
1111111111 queste 11111111 1111111111111, 111111011111 11111 111111 1111 11111-
11111111111 1111 111111111111 11111111 1111 11111111111111111111111111111113111-
1111111111, 1111111 1111 11111 1 11111111 11 111, 111111111111111111311 1111111111
quella 1111111,11111111 che 1111111111 1111111111111111111111111111111111111.
1111111111111 11111 111111111111111111 81111111111111111111111111111111111111111
11111111111.1111111111111111111111111111 1111111111 composti 111111 1111111111 11111
come 1 11111,1111 1111111 11 11111 11111 11111111111111,1111 11111 dique! 111·
111111 11111 11 8111111,11111111111, 111 1111111, 1111111111 111111118111111111111
11111111111111 11111111111111111,11’11· 1111111111111111111,11111111111111111-
1111111111111111111111111111111111111111 11111111111111111111111111111111111·
111111 muri 1111111111 ee 1111111111, 11111111, ed 11111 11111111111111111111-
11111,111111111111111111111111,1111111 111111111111111111111111111111111111
111111111111111111111(1111.1,111.31,11· 111111111,’11111111’111 1111 11111 111111
1111111111 111111Ιί1 1111111111111111111 111111.11111111111111111 nongentum
111111111111111 111111111111111111111111 1111111111111, chesi 11111111111111·
11111111111111111111111. 0111111111,1 1111111111111111111111111111111111111,
11111111111 11111 1111111111 1111111111 11111111 chiara 11 11111Ιί11111 1111111 1ι
11111111111111111 1111111111 1,ὲ,,11 questi 111 1111111111.1,1 11111, che ei
1111 1111111131111111 ᾖ, 1111111111 11111 1111 incussae 11 questi 11111, 111111 11·

 

